하남돼지집	99	190.2	4.8	191.8	4.8	188.0	4.7	189.8	4.8	175.2	4.4	
고잔일미고깃집	104	191.4	4.8	178.9	4.5	184.9	4.6	159.0	4.0	177.8	4.4	
제주도깨비	55	182.3	4.9	163.9	4.4	171.8	4.6	143.9	3.8	169.7	4.5	
삼부자왕돌판	26	160.7	4.7	170.7	5.0	168.5	4.9	170.7	5.0	148.6	4.4	
고기싸롱	26	159.7	4.7	163.6	4.8	154.3	4.5	170.7	5.0	147.1	4.3	
행복한돼지집	15	158.8	5.0	136.1	4.3	143.2	4.5	158.8	5.0	147.5	4.6	
토종한우	15	150.9	4.8	158.8	5.0	144.5	4.5	158.8	5.0	142.4	4.5	
방철쌈	20	152.4	4.6	155.9	4.7	155.5	4.7	110.0	3.3	147.6	4.5	
왕주먹	16	156.1	4.9	160.2	5.0	146.5	4.6	160.2	5.0	138.8	4.3	
매일고기집	16	156.4	4.9	133.5	4.2	154.3	4.8	160.2	5.0	141.0	4.4	
그릴룸	10	150.0	5.0	150.0	5.0	150.0	5.0	150.0	5.0	139.3	4.6	
마루야끼	11	152.1	5.0	152.1	5.0	152.1	5.0	130.3	4.3	140.2	4.6	
맛찬들	15	150.0	4.7	119.1	3.8	149.2	4.7	158.8	5.0	137.4	4.3	
제주삼육돈	19	150.8	4.6	82.0	2.5	163.9	5.0	163.9	5.0	137.7	4.2	
부드럽소	8	145.2	5.0	145.2	5.0	134.5	4.6	145.2	5.0	126.3	4.3	
상황돈	6	132.3	4.8	138.9	5.0	138.9	5.0	138.9	5.0	127.2	4.6	
화로야	6	138.9	5.0	138.9	5.0	114.7	4.1	138.9	5.0	125.5	4.5	
백팔번집	5	134.9	5.0	134.9	5.0	112.5	4.2	134.9	5.0	126.0	4.7	
본심	7	142.3	5.0	133.9	4.7	116.4	4.1	71.1	2.5	131.5	4.6	
고기원칙	6	138.9	5.0	69.5	2.5	124.3	4.5	138.9	5.0	129.6	4.7	
국가대표고기집	11	152.1	5.0	0	0	144.9	4.8	114.1	3.8	139.0	4.6	
국민돼지	10	150.0	5.0	0	0	150.0	5.0	100.0	3.3	135.2	4.5	
리가든	4	104.1	4.0	130.1	5.0	110.1	4.2	130.1	5.0	120.7	4.6	
짚탄갈비	6	128.6	4.6	104.2	3.8	120.4	4.3	138.9	5.0	115.6	4.2	
총각수퍼	5	134.9	5.0	67.5	2.5	134.9	5.0	134.9	5.0	117.5	4.4	
제주돈고집	7	142.3	5.0	142.3	5.0	126.4	4.4	0	0	125.4	4.4	
휘니치로	3	123.9	5.0	113.5	4.6	123.9	5.0	123.9	5.0	107.1	4.3	
정직한생고기	5	120.0	4.4	0	0	108.0	4.0	134.9	5.0	124.6	4.6	
먹물오징어	3	123.9	5.0	123.9	5.0	123.9	5.0	61.9	2.5	112.7	4.6	
서울회관	6	92.6	3.3	138.9	5.0	126.3	4.5	0	0	124.4	4.5	
쌈천하	5	134.9	5.0	0	0	134.9	5.0	134.9	5.0	114.0	4.2	
쭈꾸미도사	3	106.2	4.3	123.9	5.0	123.9	5.0	61.9	2.5	112.1	4.5	
아오모리	4	120.1	4.6	130.1	5.0	130.1	5.0	0	0	116.9	4.5	
돈돈한돼지&쭈불쭈불	10	135.0	4.5	0	0	150.0	5.0	0.0	0.0	132.6	4.4	
장인소곱창	3	123.9	5.0	0	0	123.9	5.0	123.9	5.0	112.1	4.5	
남기남부대찌개	2	115.1	5.0	115.1	5.0	100.7	4.4	92.0	4.0	103.3	4.5	
훈이네	4	130.1	5.0	0	0	120.1	4.6	65.1	2.5	115.9	4.5	
탄통제주돼지	3	123.9	5.0	0	0	103.2	4.2	123.9	5.0	109.3	4.4	
명가금돼지	3	90.8	3.7	0	0	110.1	4.4	123.9	5.0	113.0	4.6	
박가네한우곰탕	2	115.1	5.0	0	0	115.1	5.0	115.1	5.0	106.2	4.6	
안산조개창고	3	123.9	5.0	0	0	114.3	4.6	123.9	5.0	96.9	3.9	
아리화	2	115.1	5.0	82.2	3.6	101.5	4.4	115.1	5.0	86.3	3.8	
황제해물보쌈	3	123.9	5.0	0	0	123.9	5.0	0	0	113.7	4.6	
제주통돼지	1	100.0	5.0	100.0	5.0	100.0	5.0	100.0	5.0	85.7	4.3	
단원뒷고기	2	105.5	4.6	57.5	2.5	109.3	4.8	0	0	105.2	4.6	
COW&PIG	1	100.0	5.0	0.0	0.0	100.0	5.0	100.0	5.0	100.0	5.0	
배곧한울공원	1	0	0	100.0	5.0	100.0	5.0	100.0	5.0	100.0	5.0	
식껍	1	100.0	5.0	100.0	5.0	100.0	5.0	0	0	100.0	5.0	
꺼멍연탄구이	4	130.1	5.0	0	0	130.1	5.0	0	0	104.7	4.0	
배달삼겹 미친돼지	5	0	0	0	0	131.4	4.9	0	0	125.7	4.7	
명동한우	1	100.0	5.0	0	0	100.0	5.0	100.0	5.0	96.4	4.8	
냉삼한상	2	0	0	115.1	5.0	86.3	3.8	115.1	5.0	93.6	4.1	
이정불칼국수	2	104.6	4.5	115.1	5.0	106.8	4.6	0	0	90.2	3.9	
고기나라	3	123.9	5.0	0	0	74.3	3.0	0	0	110.8	4.5	
전복품은황금돼지	2	115.1	5.0	0	0	115.1	5.0	0	0	103.5	4.5	
옛날부추곱창	1	100.0	5.0	0	0	100.0	5.0	100.0	5.0	91.4	4.6	
삼일돌구이	1	100.0	5.0	100.0	5.0	100.0	5.0	0	0	90.9	4.5	
청춘낙곱새	2	115.1	5.0	0	0	115.1	5.0	0	0	102.3	4.4	
애슐리W NC	1	100.0	5.0	0	0	85.7	4.3	100.0	5.0	93.0	4.6	
자연별곡	2	0	0	115.1	5.0	115.1	5.0	0	0	101.4	4.4	
석쇠로770	2	115.1	5.0	0	0	115.1	5.0	0	0	97.8	4.2	
한상생고기	1	100.0	5.0	100.0	5.0	75.0	3.8	0	0	90.0	4.5	
야끼화로 안산	3	0.0	0.0	123.9	5.0	112.6	4.5	0	0	96.0	3.9	
뜯어뜯어	2	0	0	0	0	115.1	5.0	0	0	115.1	5.0	
오늘샐러드	1	100.0	5.0	0	0	100.0	5.0	0	0	100.0	5.0	
안산그집쭈꾸미	2	115.1	5.0	0	0	86.3	3.8	0.0	0.0	99.7	4.3	
카츠혼칸	1	0	0	100.0	5.0	100.0	5.0	100.0	5.0	82.2	4.1	
을용이곱창	1	100.0	5.0	0	0	83.3	4.2	0	0	100.0	5.0	
황소불화로구이	2	0	0	0	0	115.1	5.0	0	0	111.2	4.8	
춘	3	0	0	92.9	3.8	0	0	0	0	114.3	4.6	
사이쵸쇼우지	1	0	0	100.0	5.0	100.0	5.0	0	0	94.7	4.7	
홍어한상	1	100.0	5.0	0	0	100.0	5.0	0	0	94.4	4.7	
원조마포생갈비	2	115.1	5.0	0	0	102.3	4.4	0	0	91.2	4.0	
투파인드피터	1	100.0	5.0	90.0	4.5	100.0	5.0	0.0	0.0	78.9	3.9	
골든프라자	1	100.0	5.0	0	0	100.0	5.0	0	0	93.3	4.7	
고돼지	2	0	0	0	0	92.0	4.0	115.1	5.0	91.0	4.0	
에이지너리14	1	0	0	100.0	5.0	50.0	2.5	0	0	100.0	5.0	
진원소우	1	0	0	0	0	100.0	5.0	66.7	3.3	97.2	4.9	
오사카참치	1	100.0	5.0	0	0	100.0	5.0	0	0	91.4	4.6	
세광양대창	1	100.0	5.0	0	0	69.2	3.5	100.0	5.0	79.7	4.0	
쭉삼이네	1	100.0	5.0	0	0	100.0	5.0	0	0	90.0	4.5	
강원도청국장	1	100.0	5.0	0	0	83.3	4.2	0	0	87.7	4.4	
육장장이	1	0	0	0	0	100.0	5.0	0	0	100.0	5.0	
주곰감자탕	1	0	0	0	0	0	0	100.0	5.0	100.0	5.0	
소소한쌈	1	0	0	0	0	100.0	5.0	0	0	100.0	5.0	
상범이네가정식백반	1	0	0	0	0	100.0	5.0	0	0	100.0	5.0	
껍데기클라쓰	1	0	0	0	0	100.0	5.0	0	0	100.0	5.0	
GM프라자	1	0	0	100.0	5.0	100.0	5.0	0	0	83.3	4.2	
육해공포차포차	1	100.0	5.0	0	0	100.0	5.0	0	0	82.8	4.1	
초지참숯불갈비	1	100.0	5.0	0	0	0	0	0	0	97.7	4.9	
대구허서방숯불생막창	1	87.5	4.4	0	0	100.0	5.0	0	0	82.4	4.1	
해우돈	1	100.0	5.0	0	0	100.0	5.0	0	0	80.0	4.0	
김제삼	1	0	0	0	0	100.0	5.0	0	0	93.8	4.7	
대가보쌈과냉채족발	1	0	0	0	0	100.0	5.0	0	0	92.9	4.6	
청해꺼먹돼지	1	100.0	5.0	0	0	0	0	0	0	92.0	4.6	
아어	1	0	0	0	0	80.0	4.0	0	0	93.3	4.7	
806	1	0	0	0	0	50.0	2.5	100.0	5.0	81.2	4.1	
경복돼지생고기	1	100.0	5.0	0	0	90.9	4.5	0	0	73.9	3.7	
삼우타워	1	100.0	5.0	0	0	85.7	4.3	0	0	73.9	3.7	
신스쭈꾸미	1	100.0	5.0	0	0	0	0	0	0	85.7	4.3	
토리아에즈	1	100.0	5.0	0	0	62.5	3.1	0	0	75.0	3.8	
포크너	2	0	0	0	0	0	0	0	0	99.2	4.3	
별빛양꼬치	1	0	0	0	0	84.6	4.2	0	0	80.0	4.0	
우리한우연구소	1	0	0	0	0	100.0	5.0	0	0	76.9	3.8	
돈돈보쌈	1	0	0	0	0	100.0	5.0	0	0	76.2	3.8	
핵밥	1	0	0	0	0	100.0	5.0	0	0	76.0	3.8	
짚풀볏짚삼겹살	1	0	0	0	0	0	0	0	0	91.7	4.6	
돈카츠석	1	0	0	0	0	0	0	0	0	91.7	4.6	
쉐프스라운지	1	0	0	100.0	5.0	0	0	0	0	75.0	3.8	
일번집	1	0	0	0	0	100.0	5.0	0	0	73.3	3.7	
고구려	2	0	0	0	0	115.1	5.0	0.0	0.0	69.9	3.0	
호수꼬치	1	0	0	66.7	3.3	0.0	0.0	0	0	77.8	3.9	
우당	1	0	0	0	0	81.8	4.1	0	0	72.2	3.6	
양푼이 생갈비 김치찌개	1	0	0	0	0	80.0	4.0	0	0	71.4	3.6	
황금돼지	1	0	0	0	0	0	0	0	0	81.2	4.1	
하안돌곱창	1	50.0	2.5	0	0	0	0	0	0	64.7	3.2	
삼곱식당	1	0	0	0	0	0	0	0	0	72.7	3.6	
착한돼지	1	0.0	0.0	0	0	100.0	5.0	0	0	50.0	2.5	
다빈	1	0	0	0	0	0	0	0	0	60.0	3.0	
