봉우이층집	35	171.2	4.8	177.2	5.0	175.0	4.9	177.2	5.0	172.3	4.9	
강남랭겹	48	179.7	4.9	180.7	4.9	174.7	4.7	122.7	3.3	177.9	4.8	
녹슨드럼통 프리미엄	23	168.1	5.0	163.9	4.9	157.7	4.7	168.1	5.0	163.0	4.8	
영동그집	23	168.1	5.0	154.6	4.6	156.9	4.7	168.1	5.0	162.7	4.8	
두껍삼	22	163.2	4.9	150.4	4.5	149.9	4.5	167.1	5.0	165.2	4.9	
반갑다 하대포	20	162.8	4.9	165.1	5.0	158.2	4.8	165.1	5.0	157.8	4.8	
칼맞은삼겹살	22	167.1	5.0	167.1	5.0	155.8	4.7	167.1	5.0	156.2	4.7	
육전식당	19	157.9	4.8	163.9	5.0	137.5	4.2	163.9	5.0	159.7	4.9	
꽃삼살롱	18	162.8	5.0	162.8	5.0	158.1	4.9	162.8	5.0	155.4	4.8	
따띠테이블	17	161.5	5.0	161.5	5.0	161.5	5.0	161.5	5.0	155.1	4.8	
삼육가	18	159.4	4.9	162.8	5.0	162.8	5.0	162.8	5.0	154.0	4.7	
마포갈비	17	157.0	4.9	161.5	5.0	153.7	4.8	161.5	5.0	154.3	4.8	
호남마을	24	138.3	4.1	120.7	3.6	159.4	4.7	169.0	5.0	161.5	4.8	
육품	15	154.8	4.9	151.6	4.8	154.3	4.9	158.8	5.0	154.7	4.9	
신부자식당	15	158.8	5.0	158.8	5.0	152.3	4.8	158.8	5.0	152.2	4.8	
강남역껍데기콜라겐가든	13	155.7	5.0	146.3	4.7	155.7	5.0	155.7	5.0	151.0	4.8	
교대이층집	14	136.3	4.3	151.5	4.8	143.6	4.6	157.3	5.0	152.2	4.8	
강남삼겹살	13	145.3	4.7	145.3	4.7	134.5	4.3	155.7	5.0	152.8	4.9	
육시리	11	146.6	4.8	152.1	5.0	152.1	5.0	152.1	5.0	147.5	4.8	
고깃집열	11	152.1	5.0	152.1	5.0	143.6	4.7	152.1	5.0	146.7	4.8	
하남돼지집	14	147.5	4.7	157.3	5.0	150.5	4.8	104.9	3.3	152.4	4.8	
국제수입식당	9	147.7	5.0	147.7	5.0	137.2	4.6	147.7	5.0	142.0	4.8	
하몽하몽이베리코	11	152.1	5.0	101.4	3.3	144.2	4.7	152.1	5.0	147.0	4.8	
봉우화로	8	145.2	5.0	137.5	4.7	145.2	5.0	145.2	5.0	142.5	4.9	
한돈애	8	141.2	4.9	145.2	5.0	126.2	4.3	145.2	5.0	144.4	5.0	
돝고기506	9	141.0	4.8	147.7	5.0	138.2	4.7	147.7	5.0	141.0	4.8	
제주몬트락	8	145.2	5.0	145.2	5.0	123.4	4.2	145.2	5.0	139.8	4.8	
고기꾼김춘배	6	138.9	5.0	138.9	5.0	138.9	5.0	138.9	5.0	137.9	5.0	
고반식당	13	155.7	5.0	0.0	0.0	152.5	4.9	155.7	5.0	151.6	4.9	
대통령 삼겹살	6	138.9	5.0	138.9	5.0	123.5	4.4	138.9	5.0	133.9	4.8	
화로로	11	139.9	4.6	0	0	145.5	4.8	126.7	4.2	145.1	4.8	
대패서울	4	130.1	5.0	130.1	5.0	126.2	4.8	130.1	5.0	125.5	4.8	
포크댄스	4	130.1	5.0	122.0	4.7	130.1	5.0	130.1	5.0	126.1	4.8	
화통식당	8	145.2	5.0	0	0	138.8	4.8	145.2	5.0	139.0	4.8	
장남식당	8	145.2	5.0	0	0	132.0	4.5	145.2	5.0	138.7	4.8	
곤들애	7	135.1	4.8	0	0	133.1	4.7	142.3	5.0	139.0	4.9	
통돼지네	5	134.9	5.0	101.2	3.8	134.9	5.0	67.5	2.5	133.2	4.9	
대삼식당	7	142.3	5.0	142.3	5.0	132.8	4.7	0	0	133.7	4.7	
잠수교집	3	123.9	5.0	123.9	5.0	110.1	4.4	123.9	5.0	122.0	4.9	
미랄집	3	123.9	5.0	123.9	5.0	110.1	4.4	123.9	5.0	120.3	4.9	
육화몽	3	123.9	5.0	112.6	4.5	113.5	4.6	123.9	5.0	120.8	4.9	
마장동박현규	4	116.4	4.5	65.1	2.5	130.1	5.0	130.1	5.0	125.4	4.8	
구이어	3	99.1	4.0	113.5	4.6	116.1	4.7	123.9	5.0	122.8	5.0	
신도세기	5	134.9	5.0	134.9	5.0	134.9	5.0	0	0	128.4	4.8	
911돼지	4	0	0	130.1	5.0	130.1	5.0	130.1	5.0	130.1	5.0	
강남돼지	5	112.5	4.2	134.9	5.0	118.1	4.4	0	0	132.2	4.9	
영동교집	4	130.1	5.0	0	0	119.3	4.6	130.1	5.0	127.7	4.9	
됐소	4	130.1	5.0	130.1	5.0	130.1	5.0	0	0	125.2	4.8	
땅코참숯구이	4	130.1	5.0	0	0	130.1	5.0	130.1	5.0	123.0	4.7	
통통도야지	2	115.1	5.0	115.1	5.0	107.9	4.7	115.1	5.0	111.1	4.8	
고담식당	2	115.1	5.0	115.1	5.0	115.1	5.0	115.1	5.0	109.4	4.8	
두배고기	3	123.9	5.0	0	0	123.9	5.0	123.9	5.0	123.9	5.0	
화덕고깃간	2	115.1	5.0	82.2	3.6	115.1	5.0	115.1	5.0	113.3	4.9	
한도니	3	123.9	5.0	0	0	123.9	5.0	123.9	5.0	121.6	4.9	
담뿍화로된장찌개	3	123.9	5.0	0	0	99.1	4.0	123.9	5.0	123.9	5.0	
세청집	2	115.1	5.0	115.1	5.0	76.7	3.3	115.1	5.0	103.3	4.5	
개성집	4	130.1	5.0	0	0	130.1	5.0	0	0	130.1	5.0	
동두천솥뚜껑삼겹살	4	130.1	5.0	0	0	118.3	4.5	0	0	130.1	5.0	
세겹	2	115.1	5.0	115.1	5.0	115.1	5.0	0	0	113.3	4.9	
삐딱이네돈	2	115.1	5.0	0	0	115.1	5.0	115.1	5.0	111.2	4.8	
두레촌	4	130.1	5.0	0	0	130.1	5.0	0	0	123.5	4.7	
강남대패	5	134.9	5.0	0	0	110.4	4.1	0	0	125.9	4.7	
구이혁명가철든놈제2공장	2	0	0	115.1	5.0	115.1	5.0	115.1	5.0	109.2	4.7	
영동원삼겹살	3	106.2	4.3	0	0	123.9	5.0	123.9	5.0	107.3	4.3	
도호	3	61.9	2.5	116.1	4.7	123.9	5.0	0	0	114.8	4.6	
삼겹살전문점대통령	3	123.9	5.0	0	0	123.9	5.0	0	0	119.1	4.8	
바류식당	3	123.9	5.0	0	0	123.9	5.0	0	0	114.3	4.6	
슐미랭삼	2	0	0	115.1	5.0	115.1	5.0	0	0	115.1	5.0	
민주식당	2	115.1	5.0	0	0	115.1	5.0	0	0	115.1	5.0	
강남갈매기	2	115.1	5.0	0	0	115.1	5.0	0	0	115.1	5.0	
화기애애	2	115.1	5.0	115.1	5.0	0	0	0	0	111.9	4.9	
김명자굴국밥	1	100.0	5.0	0	0	100.0	5.0	100.0	5.0	100.0	5.0	
제주흑다돈	1	0	0	100.0	5.0	100.0	5.0	100.0	5.0	100.0	5.0	
육덕식당	2	115.1	5.0	0	0	115.1	5.0	0	0	110.4	4.8	
칠성식당	1	100.0	5.0	100.0	5.0	100.0	5.0	0	0	96.6	4.8	
신사동 가자	1	100.0	5.0	100.0	5.0	100.0	5.0	0	0	96.3	4.8	
홍콩 비스트로	1	100.0	5.0	0	0	100.0	5.0	100.0	5.0	95.7	4.8	
육첩반상	4	0	0	0	0	120.8	4.6	0	0	125.5	4.8	
돈블랑	1	100.0	5.0	100.0	5.0	100.0	5.0	0	0	94.4	4.7	
호보식당	1	100.0	5.0	100.0	5.0	85.7	4.3	0	0	94.7	4.7	
강남집	1	100.0	5.0	100.0	5.0	100.0	5.0	0	0	92.0	4.6	
제주육	2	115.1	5.0	115.1	5.0	0.0	0.0	0	0	103.5	4.5	
원조부안집	2	115.1	5.0	0	0	104.1	4.5	0	0	105.3	4.6	
솔밭삼겹살	1	100.0	5.0	0	0	50.0	2.5	100.0	5.0	100.0	5.0	
빽돈	2	0	0	115.1	5.0	115.1	5.0	0	0	102.7	4.5	
최고집삼겹살	1	100.0	5.0	100.0	5.0	100.0	5.0	0	0	90.6	4.5	
강남식당	2	115.1	5.0	0	0	115.1	5.0	0	0	100.7	4.4	
강남고기이야기 대성식당	1	50.0	2.5	0	0	100.0	5.0	100.0	5.0	96.3	4.8	
수입식당	1	100.0	5.0	0	0	100.0	5.0	100.0	5.0	87.5	4.4	
삼삼이네	1	0	0	100.0	5.0	100.0	5.0	0	0	100.0	5.0	
탐라도야지	1	100.0	5.0	0	0	100.0	5.0	0	0	100.0	5.0	
숙달돼지	1	100.0	5.0	0	0	0	0	100.0	5.0	100.0	5.0	
초선과여포	1	100.0	5.0	0	0	100.0	5.0	0	0	100.0	5.0	
보성녹돈	1	100.0	5.0	0	0	100.0	5.0	0	0	100.0	5.0	
둥지식당	1	0	0	0	0	100.0	5.0	100.0	5.0	97.5	4.9	
식껍	1	0	0	100.0	5.0	100.0	5.0	0	0	97.1	4.9	
스타팰리스	1	100.0	5.0	0	0	100.0	5.0	0	0	96.9	4.8	
쭈꾸미 한상	1	66.7	3.3	0	0	100.0	5.0	0	0	100.0	5.0	
사람사는 고깃집 김일도	1	83.3	4.2	0	0	100.0	5.0	0	0	96.3	4.8	
돈육지존	1	100.0	5.0	0	0	88.9	4.4	0	0	95.0	4.8	
서초목살	1	100.0	5.0	0	0	91.7	4.6	0	0	93.8	4.7	
자연석돌구이	2	0	0	0	0	115.1	5.0	0	0	105.5	4.6	
영주빌딩	1	0	0	100.0	5.0	88.9	4.4	0	0	91.4	4.6	
아우네부대찌개&삼겹살	1	100.0	5.0	0	0	100.0	5.0	0	0	88.9	4.4	
강남소금구이	1	0	0	0	0	100.0	5.0	50.0	2.5	94.7	4.7	
바이준인테리어	1	100.0	5.0	100.0	5.0	0	0	0	0	85.7	4.3	
까사생갈비	1	100.0	5.0	0	0	100.0	5.0	0	0	84.6	4.2	
정돈	1	100.0	5.0	0	0	0	0	0	0	100.0	5.0	
훠궈나라	1	0	0	0	0	100.0	5.0	0	0	100.0	5.0	
노블레스오블리쭈	1	0	0	0	0	100.0	5.0	0	0	100.0	5.0	
압구정진주	1	100.0	5.0	0	0	0	0	0	0	100.0	5.0	
강남꿀돼지	1	0	0	0	0	100.0	5.0	0	0	100.0	5.0	
직화반상by셰플리	1	0	0	0	0	100.0	5.0	0	0	100.0	5.0	
시골야채된장	1	100.0	5.0	0	0	0	0	0	0	95.0	4.8	
난장캠프	1	100.0	5.0	0	0	0	0	0	0	94.1	4.7	
옥돌양곱창구이	1	0	0	0	0	100.0	5.0	0	0	94.1	4.7	
다돈식당	1	100.0	5.0	0	0	0	0	0	0	93.3	4.7	
단지	1	0	0	0	0	100.0	5.0	0	0	93.3	4.7	
현대정육식당	1	0	0	0	0	100.0	5.0	0	0	92.3	4.6	
돈웁쓰럭셔리삼겹	1	0	0	0	0	100.0	5.0	0	0	90.5	4.5	
싸움의고수	1	0	0	0	0	0	0	0	0	100.0	5.0	
굽다	1	0	0	0	0	100.0	5.0	0	0	75.0	3.8	
슈터스클럽	1	0	0	0	0	75.0	3.8	0	0	60.0	3.0	
