도치피자	157	189.1	4.5	202.2	4.8	201.4	4.8	204.7	4.9	202.3	4.8	
브릭오븐	55	187.0	5.0	187.0	5.0	170.3	4.6	187.0	5.0	175.8	4.7	
스폰티니	53	165.5	4.4	175.3	4.7	168.8	4.5	173.8	4.7	176.0	4.7	
피자몰	46	159.7	4.4	172.4	4.7	174.2	4.8	140.9	3.8	174.4	4.8	
피자비토랩	32	172.9	4.9	175.3	5.0	165.7	4.7	175.3	5.0	166.4	4.7	
비어룸	22	167.1	5.0	156.9	4.7	162.9	4.9	167.1	5.0	157.8	4.7	
런드리피자	20	82.5	2.5	159.5	4.8	165.1	5.0	165.1	5.0	160.2	4.9	
도셰프	12	154.0	5.0	151.1	4.9	147.3	4.8	154.0	5.0	147.4	4.8	
라피자노스트라	14	144.2	4.6	148.8	4.7	149.3	4.7	157.3	5.0	148.5	4.7	
아이해브어드림	16	160.2	5.0	157.2	4.9	148.8	4.6	120.2	3.8	150.7	4.7	
나인로드피제리아	15	134.4	4.2	144.4	4.5	151.1	4.8	158.8	5.0	150.2	4.7	
나폴리회관	12	154.0	5.0	144.3	4.7	141.6	4.6	154.0	5.0	147.6	4.8	
오리지널시카고피자	12	102.6	3.3	154.0	5.0	146.6	4.8	154.0	5.0	151.7	4.9	
모터시티바이매니멀	14	157.3	5.0	137.6	4.4	147.2	4.7	157.3	5.0	143.4	4.6	
서가앤쿡	11	152.1	5.0	152.1	5.0	147.8	4.9	152.1	5.0	142.2	4.7	
어글리스토브	9	147.7	5.0	147.7	5.0	143.5	4.9	98.5	3.3	142.2	4.8	
미즈컨테이너 강남 이스트	6	138.9	5.0	138.9	5.0	138.9	5.0	138.9	5.0	136.4	4.9	
마초쉐프	7	106.7	3.8	142.3	5.0	135.1	4.8	142.3	5.0	137.0	4.8	
캘리포니아피자키친	13	0.0	0.0	133.5	4.3	149.8	4.8	129.7	4.2	152.5	4.9	
22FEB	5	134.9	5.0	134.9	5.0	129.6	4.8	134.9	5.0	131.4	4.9	
아메리칸피자	5	134.9	5.0	134.9	5.0	134.9	5.0	134.9	5.0	127.9	4.7	
브라보치킨피자	7	106.7	3.8	142.3	5.0	138.4	4.9	142.3	5.0	128.0	4.5	
드렁큰칠리스	4	130.1	5.0	130.1	5.0	130.1	5.0	130.1	5.0	128.0	4.9	
프리모바치오바치	6	138.9	5.0	121.5	4.4	122.6	4.4	138.9	5.0	125.1	4.5	
모터시티	4	130.1	5.0	130.1	5.0	130.1	5.0	130.1	5.0	124.5	4.8	
온다	5	101.2	3.8	132.7	4.9	109.2	4.0	134.9	5.0	128.6	4.8	
컨버터	5	134.9	5.0	134.9	5.0	108.0	4.0	0	0	134.9	5.0	
미즈컨테이너 강남 웨스트	5	134.9	5.0	128.2	4.8	134.9	5.0	0	0	130.5	4.8	
아트몬스터	3	123.9	5.0	116.6	4.7	123.9	5.0	123.9	5.0	111.9	4.5	
타이거피자	9	147.7	5.0	0	0	143.8	4.9	0	0	139.9	4.7	
클랩피자	4	117.1	4.5	130.1	5.0	130.1	5.0	0	0	121.7	4.7	
어거스트 힐	3	123.9	5.0	123.9	5.0	92.9	3.8	0	0	121.0	4.9	
명동피자	6	0	0	138.9	5.0	126.3	4.5	0	0	130.0	4.7	
누아르	2	0	0	115.1	5.0	115.1	5.0	115.1	5.0	115.1	5.0	
살바토레쿠오모	2	0	0	115.1	5.0	115.1	5.0	115.1	5.0	111.9	4.9	
크래프트한스	2	115.1	5.0	115.1	5.0	0	0	115.1	5.0	109.0	4.7	
마녀주방	2	115.1	5.0	115.1	5.0	103.5	4.5	0	0	109.9	4.8	
지아니스나폴리	4	130.1	5.0	130.1	5.0	65.1	2.5	0	0	110.1	4.2	
더키친 일포노	2	86.3	3.8	115.1	5.0	115.1	5.0	0	0	111.5	4.8	
라피노	3	0	0	123.9	5.0	123.9	5.0	0	0	122.2	4.9	
스시메이진	3	123.9	5.0	0	0	109.3	4.4	0	0	123.9	5.0	
크래프트아일랜드	3	123.9	5.0	0	0	106.2	4.3	0	0	123.9	5.0	
하드워커	1	100.0	5.0	100.0	5.0	100.0	5.0	100.0	5.0	94.7	4.7	
채미가	1	100.0	5.0	83.3	4.2	100.0	5.0	100.0	5.0	95.1	4.8	
자가제빵선명희피자	3	123.9	5.0	0	0	123.9	5.0	0	0	117.5	4.7	
마히나 비건 테이블	1	100.0	5.0	100.0	5.0	100.0	5.0	100.0	5.0	90.3	4.5	
CIAOBELLA	2	115.1	5.0	115.1	5.0	0	0	0.0	0.0	115.1	5.0	
피자리움	2	0	0	115.1	5.0	115.1	5.0	0	0	115.1	5.0	
세브니카	1	100.0	5.0	100.0	5.0	100.0	5.0	100.0	5.0	86.7	4.3	
주택레스토랑	1	0	0	100.0	5.0	100.0	5.0	100.0	5.0	100.0	5.0	
다로베	1	100.0	5.0	100.0	5.0	100.0	5.0	0	0	100.0	5.0	
매드포갈릭	2	0	0	115.1	5.0	82.2	3.6	0	0	110.8	4.8	
해골피자	2	115.1	5.0	0	0	115.1	5.0	0	0	105.2	4.6	
피자먹다	2	0	0	115.1	5.0	110.0	4.8	0	0	106.0	4.6	
피자탑	3	0	0	0	0	123.9	5.0	0	0	121.8	4.9	
잭슨피자	1	50.0	2.5	100.0	5.0	0	0	100.0	5.0	100.0	5.0	
멜팅피자	2	115.1	5.0	0	0	105.5	4.6	0	0	101.5	4.4	
피자네버슬립스	1	0	0	100.0	5.0	100.0	5.0	0	0	100.0	5.0	
프레드피자	3	0	0	0	0	123.9	5.0	0	0	110.8	4.5	
THEPIZZA	2	115.1	5.0	0	0	0	0	0	0	111.6	4.8	
자연임실치즈피자	2	0	0	0	0	115.1	5.0	0	0	110.5	4.8	
헝그리베어	1	100.0	5.0	0	0	100.0	5.0	0	0	95.1	4.8	
아크플레이스	1	0	0	100.0	5.0	0	0	100.0	5.0	92.9	4.6	
7번가피자	1	80.0	4.0	0	0	100.0	5.0	0	0	95.8	4.8	
청년피자	2	0	0	0	0	115.1	5.0	0	0	106.2	4.6	
살루쪼	1	0	0	100.0	5.0	100.0	5.0	0	0	89.7	4.5	
매덕스피자	2	0	0	0.0	0.0	115.1	5.0	0	0	101.8	4.4	
피클피클	1	0	0	0	0	80.0	4.0	100.0	5.0	88.9	4.4	
구구당	1	0	0	50.0	2.5	0	0	100.0	5.0	92.6	4.6	
파파밸리	1	0	0	0	0	100.0	5.0	0	0	100.0	5.0	
청류벽	1	0	0	0	0	100.0	5.0	0	0	100.0	5.0	
보슬보슬	1	0	0	0	0	100.0	5.0	0	0	100.0	5.0	
슈펜	1	0	0	0	0	100.0	5.0	0	0	100.0	5.0	
시칠리아	1	0	0	0	0	100.0	5.0	0	0	100.0	5.0	
이트 피자	1	0	0	100.0	5.0	88.9	4.4	0	0	84.3	4.2	
폴리스	2	0	0	0	0	0	0	0	0	115.1	5.0	
베라피자	2	0	0	0	0	0	0	0	0	115.1	5.0	
피자홈	1	0	0	0	0	100.0	5.0	0	0	98.3	4.9	
부머스	1	100.0	5.0	0	0	0	0	0	0	96.8	4.8	
시고로	1	0	0	0	0	0	0	100.0	5.0	96.7	4.8	
마블몽키	1	0	0	0	0	100.0	5.0	0	0	95.8	4.8	
시그니처랩	1	0	0	0	0	100.0	5.0	0	0	94.4	4.7	
고피자	1	0	0	0	0	100.0	5.0	0	0	93.8	4.7	
리미니가든	1	0	0	0	0	100.0	5.0	0	0	92.9	4.6	
아이수마	1	0	0	100.0	5.0	0	0	0	0	91.7	4.6	
땡스피자	1	100.0	5.0	0	0	0	0	0	0	89.3	4.5	
강남촌닭	1	0	0	0	0	100.0	5.0	0	0	88.9	4.4	
피제리아몰토베네	1	0	0	0	0	0	0	100.0	5.0	87.5	4.4	
칙피스	1	0	0	0	0	0	0	0	0	100.0	5.0	
왕손피자	1	0	0	0	0	0.0	0.0	0	0	100.0	5.0	
빚짜	1	0	0	0	0	0	0	0	0	100.0	5.0	
닐리	1	0	0	0	0	0	0	0	0	100.0	5.0	
WAKE & BAKE	1	0	0	0	0	60.0	3.0	0	0	88.9	4.4	
로드빌	1	0	0	0	0	0.0	0.0	0	0	92.0	4.6	
멜로우가든	1	0	0	100.0	5.0	0	0	0	0	75.0	3.8	
피자송	1	0.0	0.0	0	0	100.0	5.0	0	0	71.4	3.6	
