강남곱	77	190.6	4.9	176.7	4.5	182.0	4.7	174.9	4.5	181.2	4.7	
강남곱창이야기	73	181.6	4.7	165.6	4.3	181.8	4.7	184.0	4.8	181.3	4.7	
강남곱창	52	177.8	4.8	185.8	5.0	173.5	4.7	185.8	5.0	176.3	4.7	
땀땀	68	185.2	4.8	169.1	4.4	183.5	4.8	152.0	4.0	181.4	4.7	
여의도황소곱창	39	176.3	4.9	179.6	5.0	175.8	4.9	179.6	5.0	170.3	4.7	
곱스떡스	35	171.1	4.8	166.8	4.7	171.3	4.8	177.2	5.0	168.8	4.8	
60년전통 신촌황소곱창	39	179.6	5.0	134.7	3.8	168.1	4.7	179.6	5.0	171.7	4.8	
더막창스	32	167.1	4.8	164.3	4.7	168.2	4.8	175.3	5.0	169.0	4.8	
신선양곱창	28	169.6	4.9	165.5	4.8	169.2	4.9	172.4	5.0	166.3	4.8	
곱창고	22	167.1	5.0	167.1	5.0	156.7	4.7	167.1	5.0	163.2	4.9	
부야스곱창	21	162.2	4.9	166.1	5.0	154.6	4.7	166.1	5.0	159.9	4.8	
세광양대창	18	159.5	4.9	154.2	4.7	159.3	4.9	162.8	5.0	155.9	4.8	
진구곱창	17	161.5	5.0	161.5	5.0	159.6	4.9	161.5	5.0	154.2	4.8	
압구정곱떡	18	149.2	4.6	162.8	5.0	157.3	4.8	162.8	5.0	153.8	4.7	
함지곱창전문	18	139.5	4.3	162.8	5.0	154.4	4.7	162.8	5.0	154.8	4.8	
황소양곱창	16	150.5	4.7	160.2	5.0	156.1	4.9	160.2	5.0	151.5	4.7	
곱창이야기	12	154.0	5.0	154.0	5.0	135.6	4.4	154.0	5.0	146.3	4.8	
자갈치양곱창	9	147.7	5.0	147.7	5.0	143.4	4.9	147.7	5.0	140.7	4.8	
제일곱창	6	138.9	5.0	138.9	5.0	125.0	4.5	138.9	5.0	133.4	4.8	
베트남이랑	5	134.9	5.0	134.9	5.0	134.9	5.0	134.9	5.0	131.7	4.9	
만득이곱창	6	138.9	5.0	138.9	5.0	134.0	4.8	104.2	3.8	134.7	4.9	
삼성원조양곱창	5	134.9	5.0	134.9	5.0	129.1	4.8	134.9	5.0	130.9	4.8	
신촌황소곱창	13	138.4	4.4	0	0	138.4	4.4	155.7	5.0	145.1	4.7	
살롱드곱떡	10	150.0	5.0	150.0	5.0	150.0	5.0	0	0	140.1	4.7	
강남진해장	12	154.0	5.0	77.0	2.5	139.3	4.5	77.0	2.5	140.0	4.5	
중앙해장	10	150.0	5.0	0	0	140.6	4.7	150.0	5.0	140.5	4.7	
79한우곱창대창	3	123.9	5.0	123.9	5.0	123.9	5.0	123.9	5.0	120.6	4.9	
신사소곱창	4	130.1	5.0	86.7	3.3	124.2	4.8	104.1	4.0	127.5	4.9	
서울집	3	123.9	5.0	123.9	5.0	123.9	5.0	82.6	3.3	113.7	4.6	
서초우	5	127.5	4.7	96.4	3.6	129.8	4.8	0	0	130.2	4.8	
야마야	2	115.1	5.0	115.1	5.0	92.0	4.0	115.1	5.0	115.1	5.0	
손욱정힘불끈황소곱창	6	125.9	4.5	0	0	104.2	3.8	111.1	4.0	127.5	4.6	
강남소곱창	10	150.0	5.0	0	0	150.0	5.0	0	0	133.2	4.4	
말뚝곱창	2	95.9	4.2	115.1	5.0	115.1	5.0	115.1	5.0	107.0	4.7	
기와집양대창	3	123.9	5.0	123.9	5.0	119.4	4.8	0	0	115.7	4.7	
강남역맛집 진구곱창	4	0	0	130.1	5.0	130.1	5.0	0	0	130.1	5.0	
원조신사양곱창	2	115.1	5.0	0	0	115.1	5.0	115.1	5.0	115.1	5.0	
또올래곱창	2	115.1	5.0	0	0	115.1	5.0	115.1	5.0	115.1	5.0	
압구정거부곱창	2	115.1	5.0	115.1	5.0	0	0	115.1	5.0	115.1	5.0	
노포식당	5	0	0	81.0	3.0	134.9	5.0	0	0	133.5	4.9	
영동양곱창	2	115.1	5.0	92.0	4.0	110.0	4.8	0	0	111.7	4.9	
1967삼대서울곱창	3	123.9	5.0	0	0	108.4	4.4	0	0	123.9	5.0	
강남돌곱창	3	111.5	4.5	0	0	123.9	5.0	61.9	2.5	112.9	4.6	
압구정곱창	2	115.1	5.0	95.9	4.2	115.1	5.0	0	0	107.6	4.7	
가배도	2	115.1	5.0	115.1	5.0	115.1	5.0	0	0	104.3	4.5	
대명소곱창	3	123.9	5.0	92.9	3.8	123.9	5.0	0	0	104.0	4.2	
천사곱창	3	112.6	4.5	0	0	123.9	5.0	0	0	119.5	4.8	
미도인 강남	2	115.1	5.0	115.1	5.0	115.1	5.0	0	0	100.7	4.4	
김덕후의곱창조	3	123.9	5.0	0	0	123.9	5.0	0	0	116.1	4.7	
개그맨 정용국의 용곱창	3	123.9	5.0	0	0	103.2	4.2	0	0	119.3	4.8	
이모왕곱창	3	0	0	0	0	117.3	4.7	123.9	5.0	115.6	4.7	
정분네중앙곱창	1	100.0	5.0	100.0	5.0	90.9	4.5	0	0	100.0	5.0	
호금장	1	100.0	5.0	100.0	5.0	94.7	4.7	100.0	5.0	82.4	4.1	
꿀때기곱창	1	100.0	5.0	100.0	5.0	100.0	5.0	50.0	2.5	89.5	4.5	
곱창왕김형제	2	115.1	5.0	0	0	115.1	5.0	0	0	109.1	4.7	
대승곱창	1	96.3	4.8	100.0	5.0	100.0	5.0	0	0	97.9	4.9	
곱깨비	2	115.1	5.0	0	0	115.1	5.0	0	0	107.0	4.7	
대곱창	2	115.1	5.0	0	0	115.1	5.0	0	0	106.4	4.6	
곰바위	2	0	0	0	0	98.0	4.3	115.1	5.0	105.5	4.6	
두레국수	3	0	0	0	0	92.9	3.8	0	0	123.9	5.0	
호아다오	1	100.0	5.0	0	0	100.0	5.0	100.0	5.0	88.2	4.4	
영동곱창	2	0	0	0	0	0	0	115.1	5.0	115.1	5.0	
일품황소곱창	1	100.0	5.0	0	0	100.0	5.0	0	0	100.0	5.0	
플라워꽃남꽃녀	1	100.0	5.0	0	0	100.0	5.0	0	0	100.0	5.0	
영동소곱창	1	100.0	5.0	0	0	100.0	5.0	0	0	100.0	5.0	
우정양곱창	3	0	0	0	0	110.8	4.5	0	0	112.6	4.5	
고래집참숯불양곱창	1	100.0	5.0	0	0	96.0	4.8	0	0	96.7	4.8	
가르고뜨	1	100.0	5.0	0	0	100.0	5.0	0	0	95.8	4.8	
우림황소곱창	1	100.0	5.0	0	0	100.0	5.0	0	0	95.8	4.8	
카페단추	1	100.0	5.0	0	0	100.0	5.0	0	0	93.8	4.7	
장수양곱창전문	1	66.7	3.3	0	0	95.0	4.8	0	0	100.0	5.0	
김태주 선산곱창	2	115.1	5.0	0	0	0	0	0	0	107.4	4.7	
백순대 삼촌네	1	100.0	5.0	0	0	100.0	5.0	0	0	92.6	4.6	
강남곱창볶음전문	1	100.0	5.0	0	0	100.0	5.0	0	0	92.3	4.6	
홍루서	2	0	0	0	0	115.1	5.0	0	0	106.2	4.6	
라곱창	1	75.0	3.8	0	0	100.0	5.0	0	0	95.8	4.8	
강남그릴	1	100.0	5.0	0	0	100.0	5.0	0	0	90.9	4.5	
마장동곱떡	1	0	0	100.0	5.0	0	0	0	0	100.0	5.0	
옥돌양곱창구이	1	0	0	0	0	100.0	5.0	0	0	100.0	5.0	
장다리	1	100.0	5.0	0	0	100.0	5.0	0	0	80.0	4.0	
대낚식당	1	0	0	0	0	100.0	5.0	0	0	95.7	4.8	
인더비엣	1	0	0	100.0	5.0	100.0	5.0	0	0	78.9	3.9	
대파 양곱창	1	100.0	5.0	0	0	100.0	5.0	0	0	78.6	3.9	
군자대한곱창	1	0	0	0	0	66.7	3.3	0	0	100.0	5.0	
곱창키친	1	0	0	0	0	100.0	5.0	0	0	94.4	4.7	
마포짚불곱창	1	100.0	5.0	0	0	0	0	0	0	92.0	4.6	
삼곱식당	1	0	0	0	0	100.0	5.0	0	0	90.2	4.5	
곱사모	1	100.0	5.0	0	0	0	0	0	0	66.7	3.3	
안동한우 청담본가	1	0	0	0	0	71.4	3.6	0	0	71.4	3.6	
청담순대국	1	0	0	0	0	0	0	0	0	80.0	4.0	
