포폴로피자	244	206.2	4.7	206.5	4.7	202.2	4.6	188.0	4.3	206.9	4.7	
쁘리미삐아띠	54	177.7	4.8	179.7	4.8	179.2	4.8	186.6	5.0	180.7	4.8	
브리스피자	48	180.1	4.9	184.1	5.0	180.1	4.9	184.1	5.0	177.0	4.8	
엘리수피자	33	152.5	4.3	163.1	4.6	169.2	4.8	175.9	5.0	169.1	4.8	
올리코	22	160.7	4.8	160.3	4.8	163.1	4.9	167.1	5.0	161.0	4.8	
피자아일랜드	27	171.6	5.0	171.6	5.0	163.9	4.8	128.7	3.8	161.2	4.7	
바이트 미 피자	20	165.1	5.0	144.4	4.4	157.0	4.8	165.1	5.0	158.4	4.8	
포레스트팟	16	160.2	5.0	151.3	4.7	160.2	5.0	160.2	5.0	157.9	4.9	
벨라진	20	165.1	5.0	161.0	4.9	152.4	4.6	165.1	5.0	155.8	4.7	
아이노스	17	161.5	5.0	147.8	4.6	158.1	4.9	161.5	5.0	156.2	4.8	
컨트리맨즈	16	137.3	4.3	160.2	5.0	150.9	4.7	160.2	5.0	155.6	4.9	
토요일	13	155.7	5.0	155.7	5.0	151.2	4.9	155.7	5.0	151.0	4.8	
유로코피자	25	169.9	5.0	169.9	5.0	169.9	5.0	0	0	165.2	4.9	
피제이피자	19	158.5	4.8	82.0	2.5	159.1	4.9	163.9	5.0	155.7	4.7	
힐빌리피자	11	145.2	4.8	152.1	5.0	152.1	5.0	152.1	5.0	148.9	4.9	
잇탈리화덕	12	154.0	5.0	147.3	4.8	148.0	4.8	154.0	5.0	143.7	4.7	
타이거피자	18	162.8	5.0	0	0	150.4	4.6	162.8	5.0	155.9	4.8	
난리피자	8	136.1	4.7	139.3	4.8	141.9	4.9	145.2	5.0	139.8	4.8	
리미니	8	108.9	3.8	145.2	5.0	138.4	4.8	145.2	5.0	142.4	4.9	
청년피자	14	157.3	5.0	0	0	154.3	4.9	157.3	5.0	150.9	4.8	
고피자	6	138.9	5.0	138.9	5.0	125.5	4.5	138.9	5.0	136.5	4.9	
우디바우어	7	124.5	4.4	137.9	4.8	142.3	5.0	142.3	5.0	132.4	4.7	
올리앤	5	134.9	5.0	134.9	5.0	131.2	4.9	134.9	5.0	134.1	5.0	
피자소그로	7	142.3	5.0	142.3	5.0	138.3	4.9	71.1	2.5	138.8	4.9	
뽀모도로	4	130.1	5.0	130.1	5.0	118.8	4.6	130.1	5.0	126.3	4.9	
서오릉피자	9	147.7	5.0	0.0	0.0	132.9	4.5	147.7	5.0	136.1	4.6	
피맥당	6	138.9	5.0	138.9	5.0	138.9	5.0	0	0	137.0	4.9	
빨간모자피자	7	142.3	5.0	0.0	0.0	130.4	4.6	113.8	4.0	134.1	4.7	
레이지보이	5	0	0	134.9	5.0	134.9	5.0	134.9	5.0	129.8	4.8	
Hillbilly Pizza	5	128.2	4.8	134.9	5.0	134.9	5.0	0	0	129.6	4.8	
피자알볼로	4	130.1	5.0	0	0	130.1	5.0	130.1	5.0	130.1	5.0	
빅스타피자	5	134.9	5.0	0	0	130.1	4.8	134.9	5.0	128.0	4.7	
라페스타D동	3	123.9	5.0	123.9	5.0	106.2	4.3	123.9	5.0	114.3	4.6	
위시키친	5	134.9	5.0	134.9	5.0	129.1	4.8	0	0	126.1	4.7	
시그니처랩	5	134.9	5.0	112.5	4.2	130.1	4.8	0	0	126.2	4.7	
봉수아피자	6	138.9	5.0	0	0	138.9	5.0	69.5	2.5	130.7	4.7	
피자탑	4	113.8	4.4	0	0	130.1	5.0	130.1	5.0	123.0	4.7	
밀레폴리에	3	123.9	5.0	0	0	123.9	5.0	123.9	5.0	118.6	4.8	
미스터피자	3	123.9	5.0	123.9	5.0	123.9	5.0	0	0	113.9	4.6	
뚜띠피자	3	123.9	5.0	0	0	92.9	3.8	123.9	5.0	117.6	4.7	
태리가옥	2	0	0	115.1	5.0	115.1	5.0	115.1	5.0	115.1	5.0	
오르새피자	4	130.1	5.0	0	0	130.1	5.0	0	0	123.0	4.7	
백석 더프라임	1	100.0	5.0	100.0	5.0	95.0	4.8	100.0	5.0	97.4	4.9	
트라쩨리아 안토니오	5	134.9	5.0	108.0	4.0	96.4	3.6	0	0	105.9	3.9	
또먹고싶은피자	2	115.1	5.0	0	0	115.1	5.0	115.1	5.0	104.6	4.5	
바른시선한의원	1	100.0	5.0	100.0	5.0	100.0	5.0	100.0	5.0	95.0	4.8	
게토리아 뉴욕피자	2	115.1	5.0	0	0	115.1	5.0	0	0	115.1	5.0	
몬스터피자	4	0	0	104.1	4.0	108.4	4.2	0	0	117.1	4.5	
스탠다드피자	2	0	0	0	0	115.1	5.0	115.1	5.0	112.8	4.9	
포레스트아웃팅스입구	1	0	0	100.0	5.0	100.0	5.0	100.0	5.0	100.0	5.0	
파스타스토리	1	100.0	5.0	100.0	5.0	100.0	5.0	0	0	100.0	5.0	
비스트로펍빠나나	1	100.0	5.0	88.9	4.4	100.0	5.0	0	0	100.0	5.0	
킴스피자플러스	1	100.0	5.0	0	0	100.0	5.0	100.0	5.0	96.3	4.8	
풀사이드228	1	100.0	5.0	100.0	5.0	92.9	4.6	0	0	96.2	4.8	
옐로우피자	2	115.1	5.0	0	0	115.1	5.0	0	0	106.2	4.6	
마니산산채 일산점입구	1	100.0	5.0	100.0	5.0	100.0	5.0	0	0	94.1	4.7	
칸쿤낭만비어	2	0	0	115.1	5.0	115.1	5.0	0	0	105.2	4.6	
디팔라	1	100.0	5.0	100.0	5.0	100.0	5.0	0	0	93.3	4.7	
피자이탈리	5	90.0	3.3	0	0	0.0	0.0	0	0	128.2	4.8	
파르코디디오	1	0	0	100.0	5.0	100.0	5.0	100.0	5.0	92.9	4.6	
대디스오피스	4	0	0	0	0	108.4	4.2	0	0	122.0	4.7	
비스트로피자	1	100.0	5.0	0	0	100.0	5.0	100.0	5.0	90.0	4.5	
피자생각	2	115.1	5.0	0	0	102.3	4.4	0	0	102.3	4.4	
노베이비자	1	100.0	5.0	90.9	4.5	95.0	4.8	0	0	89.7	4.5	
피자는치즈빨	1	100.0	5.0	0	0	100.0	5.0	100.0	5.0	85.7	4.3	
니뽕내뽕	3	0	0	0	0	123.9	5.0	0	0	113.3	4.6	
파파존스	1	0	0	0	0	100.0	5.0	100.0	5.0	100.0	5.0	
스폰티니	1	0	0	100.0	5.0	100.0	5.0	0	0	100.0	5.0	
뉴욕엔와이	2	0	0	0	0	115.1	5.0	0	0	112.3	4.9	
잭슨나인스	1	100.0	5.0	0	0	100.0	5.0	0	0	96.7	4.8	
브롱스	1	0	0	100.0	5.0	100.0	5.0	0	0	95.7	4.8	
부페파크	1	0	0	0	0	100.0	5.0	100.0	5.0	95.6	4.8	
치피떡	1	0	0	100.0	5.0	66.7	3.3	0	0	100.0	5.0	
캡틴페퍼스	1	100.0	5.0	0	0	100.0	5.0	0	0	91.7	4.6	
로마화덕피자 with 메이프렌즈	1	0	0	100.0	5.0	100.0	5.0	0	0	90.6	4.5	
반올림피자샵	3	0	0	0	0	0	0	0	0	123.9	5.0	
스파치오칼도	1	50.0	2.5	0	0	0	0	100.0	5.0	97.5	4.9	
피자1989	1	0	0	0	0	100.0	5.0	0	0	100.0	5.0	
매드포갈릭	1	0	0	0	0	100.0	5.0	0	0	100.0	5.0	
원플레이트	1	0	0	0	0	100.0	5.0	0	0	100.0	5.0	
소노캄 고양	1	0	0	0	0	100.0	5.0	0	0	100.0	5.0	
피자의정석	1	0	0	0	0	100.0	5.0	0	0	100.0	5.0	
치킨과바람피자	1	0	0	0	0	100.0	5.0	0	0	100.0	5.0	
치즈 온더 쿡	1	0	0	0	0	100.0	5.0	0	0	100.0	5.0	
빈	1	0	0	0	0	100.0	5.0	0	0	100.0	5.0	
제주한라불갈비소시지	1	100.0	5.0	0	0	0	0	0	0	100.0	5.0	
오말리	1	0	0	0	0	100.0	5.0	0	0	97.1	4.9	
Popolo	1	0	0	0	0	100.0	5.0	0	0	97.1	4.9	
프롬	1	0	0	0	0	100.0	5.0	0	0	96.9	4.8	
골든이글스	1	0	0	0	0	75.0	3.8	0	0	100.0	5.0	
비어파스타	1	0	0	0	0	0.0	0.0	100.0	5.0	94.1	4.7	
홍파스타	1	0	0	0	0	100.0	5.0	0	0	93.3	4.7	
진 요양원	1	0	0	0	0	100.0	5.0	0	0	92.3	4.6	
피자헛	1	0	0	0	0	100.0	5.0	0	0	91.7	4.6	
피자오늘	1	0	0	0	0	100.0	5.0	0	0	90.3	4.5	
피자마루	1	0	0	0	0	100.0	5.0	0	0	87.5	4.4	
뚜띠쿠치나	1	0	0	0	0	0	0	0	0	100.0	5.0	
코끼리김밥	1	0	0	0	0	0	0	0	0	100.0	5.0	
장산전망대	1	0	0	0	0	0	0	0	0	100.0	5.0	
빠르끄	1	0	0	0	0	0	0	100.0	5.0	83.3	4.2	
구구족	1	0	0	0	0	66.7	3.3	0	0	82.4	4.1	
지아코모87	1	0	0	0	0	0	0	50.0	2.5	82.1	4.1	
